00858364
00115694
00159102
00878915
00980122
00688996
00120216
00120182
01596425
00131850
01030132
01028164
00113359
00386937
00149646
00651017
00176835
00156859
00109019
00110893
00428729
01214743
00791209
01010110
00172291
01061558
00114093
00114154
00526599
00114552
00114792
00114808
00115065
00115287
00115384
00115612
00144395
00116268
00679314
00116824
00956930
00178754
01262458
00117337
00540641
00117267
00117629
00117726
00340917
00118008
00118026
00118044
00132637
00939687
00172936
00118451
00118804
00173032
00119195
00117212
01032486
00159616
00563545
01412725
00119672
00364467
00415646
00177199
00118275
00118345
00112165
01456011
00117179
01059605
00561866
00842619
00536523
00231372
00545716
00113562
00120526
00113997
01258507
00157681
01262032
00120562
00120571
00165413
00158307
00549925
00369657
00110750
00204208
00120872
01234507
00425351
01074862
01336373
00580199
00860332
00163682
00117744
00136101
00808022
00442835
00121039
00173078
00173102
00121288
00456218
01035289
00151128
00119007
00136086
00121543
00121570
00197759
00104786
00340096
00112332
00111722
00121932
01234297
00706715
00855163
00122056
00216027
00326731
01335851
00122348
00122472
00122551
00122694
00122898
00123107
00123143
00123541
00123718
00123772
00123781
00124027
00124106
00124151
00107677
00520887
00447609
00273615
00124726
00857480
00109718
00137252
00124799
00124780
00141875
00260356
00125974
00126362
00126201
00149655
00877059
00126256
00126186
00126308
00126371
00126380
00126414
00126478
00104856
00423690
00126292
00139214
00126779
00896285
00126955
00127042
01060814
00126937
00127255
00127167
00127200
00191588
00127802
00127857
00109806
00128032
00128227
00128412
00128546
00128555
00239639
00128980
00129235
00129271
00129280
00129350
00129387
00306162
00112059
00129642
00181299
00305668
00130091
01167056
00130383
00163114
01036446
00130684
00130763
00130879
00131197
00838005
00131692
00131939
00855093
00132628
00132725
00132804
00132868
00132992
00133335
00133618
00133812
00133858
00106669
01325979
00124197
00133991
00377610
00134176
00585219
00134316
00422895
00134510
00415628
00133706
01182444
00413046
00541349
00554024
01412822
01159233
01489648
00247975
00134963
00135111
01168684
00117498
00158219
00852087
00135777
00135795
00135962
00919966
00136271
00136341
00136378
00219486
00217947
00234412
00274933
00136721
00149293
00382199
00307897
00138321
00156895
01350869
00209443
00231664
00254045
00104102
00117601
00131054
00145190
00330424
00147295
00148832
01133217
00164876
00161408
00304915
00113191
00267942
00296290
00547583
00158909
00432102
00148504
00161444
00404701
00149594
00233653
00162416
00129509
00113058
00135917
00148610
00137997
00164973
00103176