027410
011150
001880
375500
069730
383220
007700
007070
012630
329180
195940
067630
021320
036670
151860
044450
058860
060370
034220
079550
006260
000680
383800
008260
178920
005490
001380
001770
034730
068400
302440
361610
017670
071970
214390
012200
037710
339770
005320
002720
083420
014530
000270
013700
025860
007390
033640
348210
225570
023590
032190
353200
001680
016710
009190
014160
047040
009320
024890
000300
001070
003490
003830
016090
005800
002700
019170
102280
015540
222080
012170
139990
011090
137310
101490
010580
326030
298690
140910
298380
015260
244920
247540
383310
036570
348370
009970
003520
036560
012280
273060
070960
017370
033270
206650
002920
084370
025820
015020
039030
294090
084680
101140
023800
189300
003120
007110
271940
317400
000950
095700
271980
089590
004700
001550
120030
018470
002600
036930
043610
051630
272450
002780
000650
012600
016790
293490
377300
006380
119860
109070
002380
344820
281820
381970
145270
030200
036030
044820
005070
005420
029960
102940
031820
294570
015590
264900
259960
003240
004100
001420
084870
064760
363280
005690
140860
010820
016800
009520
237820
166090
293480
352820
010040
256840
002960
000240
015760
023350
025890
104700
007280
003350
030520
011500
010420
300720
006390
052690
180640
009460
372910
086280
004310
005380
057050
002460
378850
133820
010660
000850
032560
005870
