801190
818158
813363
839719
811097
054050
839683
839723
839742
069460
298540
118000
192080
012510
213420
004830
024900
145720
002150
001230
086450
023450
004140
007590
005960
026960
002210
102260
000640
170900
028100
282690
001520
084670
008970
092780
049770
018500
006040
030720
014820
163560
004890
002690
005290
025900
000020
000150
241560
034020
131970
336260
016740
060570
192650
024090
003160
001530
092200
376300
013570
210540
885673
115390
141080
090360
032350
089860
000400
023530
020150
280360
004000
286940
004990
005300
854231
855981
011170
071840
085370
058470
019570
027740
001080
267980
067280
215200
235980
086900
867865
140410
090370
832969
017180
009900
012690
005360
080160
204210
009680
009580
009200
033920
008420
025560
007120
840265
002840
268280
107590
134380
003650
053030
064550
323990
003610
001340
035150
002410
007210
002760
003850
000890
003000
026940
011390
005030
002070
100220
090460
878437
030790
005180
143240
003960
008040
007160
014710
006090
001470
006400
006660
028260
207940
018260
028050
009150
005930
001360
010140
068290
006110
145990
003230
002170
272550
000070
003720
002810
005680
023000
004380
002450
004440
000520
009770
005500
000250
004690
038500
010960
004450
009470
011230
001820
000390
038540
041650
089980
075180
007540
248170
006730
007860
200880
017390
046890
813002
004410
021050
178320
008490
007610
136490
014910
003080
004980
011300
015750
000180
002420
004360
004490
001430
306200
003030
019440
058650
013000
091090
021820
067830
033530
075580
027970
268600
068270
068760
091990
336370
248070
357780
036830
004430
017550
253450
033170
134790
016590
029530
004970
215600
011930
005390
004170
035510
034300
031430
031440
828992
032710
811323
829322
828519
809467
804337
801688
806955
879070
003460
818905
323410
807958
800172
861717
839185
190650
016600
801671
860086
800845
805992
856659
809337
814270
804504
001750
014130
815419
836248
888975
818586
000540
