095570
006840
027410
282330
001460
001040
079160
035760
311690
000120
011150
097950
051500
000590
012030
000990
000210
001880
007340
004840
155660
069730
017940
007700
114090
078930
006360
001250
007070
012630
039570
089470
294870
009540
267250
267270
322000
042670
267260
329180
097230
014790
028300
003580
067630
204320
060980
011200
082740
095340
234080
001060
096760
035900
021320
036670
009440
119650
092220
151860
046440
003620
016380
035600
001390
033180
060720
001940
025000
092230
000040
044450
058850
058860
060370
061970
093050
003550
034220
051900
032640
011070
066570
037560
051910
079550
006260
000680
229640
108320
001120
108670
023150
035420
060250
034310
030190
008260
010060
178920
005490
218410
010950
034120
046140
151910
036540
005090
016250
001380
004060
001770
002360
009160
034730
011790
018670
001740
006120
210980
068400
302440
100090
096770
285130
017670
000660
003570
064960
100840
036530
005610
011810
077970
071970
002820
002710
002900
024070
037270
000500
000860
035250
094480
011420
002100
009450
267290
012320
000050
214390
012610
009140
013580
012200
002140
010130
002240
098460
215000
009290
017040
017900
037710
339770
007690
005320
001140
078130
002720
083420
014530
014280
008870
001570
002990
011780
214330
001210
073240
092440
000270
013700
004540
121600
039860
089600
001260
008350
004270
003920
025860
007390
033640
005720
002350
348210
225570
217270
251270
090350
000320
006280
005250
004370
072710
064260
058730
023590
032190
068240
145210
019680
006370
008060
353200
000490
008110
005750
006570
001680
084690
128820
117580
016710
009190
014160
047040
009320
042660
003090
069620
000430
006340
003220
024890
002880
000300
078600
012800
015230
001070
006650
001440
084010
001790
001130
003490
005880
003830
016090
006880
005800
009270
002700
002870
019170
056700
004080
222800
102280
003410
004770
015540
222080
004920
112610
096530
308170
025980
008700
090430
002790
092040
002030
183190
002310
012170
267850
020560
122900
010780
003560
084850
067160
053800
001780
196170
018250
161000
011090
101490
056190
005850
041510
010580
007820
012750
123700
025530
326030
052020
237690
023960
298690
140910
078520
298380
088800
015260
007460
003060
244920
230360
086520
247540
036810
036570
181710
085310
182400
004250
290650
066970
010120
097520
014440
111770
009970
003520
000670
036560
006740
012280
012160
015360
007310
002630
271560
001800
010470
039200
273060
122870
011690
070960
006980
017370
105840
010400
049800
016880
095720
005820
240810
074600
104830
030530
010600
069080
112040
299900
008600
033270
014830
018000
000910
047400
011330
077500
086390
206650
002920
000700
072130
000220
023410
084370
000100
008730
008250
025820
214320
272290
053350
139480
007660
005950
015020
093230
102710
074610
102460
039030
294090
084680
000760
014990
101140
060150
006490
023800
034590
216050
049070
129260
051370
189300
023810
249420
000230
013360
003120
003200
007110
007570
008500
081000
020760
103590
015860
226320
317400
033240
000950
095700
194370
025620
030000
271980
001560
002620
089590
082270
004910
004700
001550
000480
120030
018470
002600
185750
063160
001630
036930
044380
013890
043610
144510
013870
071320
035000
088790
003780
010640
100250
051630
272450
011000
002780
085660
009310
278280
000650
012600
033250
016790
035720
293490
006380
119860
109070
078340
214370
001620
029460
002380
344820
281820
009070
032500
145270
030200
053210
036030
033780
007810
183300
041960
192820
044820
005070
005420
071950
029960
002020
003070
102940
120110
138490
021240
033290
036420
200130
031820
192400
284740
015590
264900
005740
110790
214150
020120
014580
015890
006890
003240
011280
004100
009410
001420
007980
095610
055490
078000
214420
084870
064760
131290
019180
363280
091810
004870
069260
104480
034230
214450
005690
140860
091700
036580
004720
028670
010820
016800
263750
001020
090080
010770
022100
058430
009520
047050
003670
017810
103140
005810
009810
237820
319660
137400
067310
166090
293480
039130
136480
003380
352820
071090
000080
000140
036460
005430
010040
025540
010100
256840
004090
002200
002960
000240
015760
006200
053300
023350
025890
000970
104700
017960
161890
024720
161390
007280
047810
123690
003350
030520
011500
002390
053690
042700
008930
128940
009240
020000
003680
105630
069640
016450
009180
213500
014680
004710
010420
004150
025750
004960
011700
018880
009420
300720
002220
006390
003300
051600
052690
130660
002320
003480
180640
005110
009460
000880
009830
272210
012450
195870
101530
143210
084990
000720
086280
064350
079430
012330
010620
048410
052260
069960
004560
004310
041440
017800
307950
011210
090850
005380
004020
005440
011760
227840
126560
057050
093240
003010
111110
008770
002460
241590
006060
013520
010690
133820
010660
000850
016580
032560
004800
094280
298040
298050
298020
298000
093370
081660
005870
079980
005010
243070
145020
003280
