095570
006840
282330
001460
001040
079160
035760
311690
000120
097950
051500
000590
012030
000990
000210
007340
004840
155660
017940
114090
078930
006360
001250
039570
089470
294870
009540
267250
267270
322000
042670
267260
097230
014790
028300
003580
204320
060980
011200
082740
095340
234080
001060
096760
035900
009440
119650
092220
046440
003620
016380
035600
001390
033180
060720
001940
025000
092230
000040
058850
061970
093050
003550
051900
032640
011070
066570
037560
051910
229640
108320
001120
108670
023150
035420
060250
034310
030190
010060
218410
010950
034120
046140
151910
036540
005090
016250
004060
002360
009160
011790
018670
001740
006120
210980
100090
096770
285130
000660
003570
064960
100840
036530
005610
011810
077970
002820
002710
002900
024070
037270
000500
000860
035250
094480
011420
002100
009450
267290
012320
000050
012610
009140
013580
002140
010130
002240
098460
215000
009290
017040
017900
007690
001140
078130
014280
008870
001570
002990
011780
214330
001210
073240
092440
004540
121600
039860
089600
001260
008350
004270
003920
005720
002350
217270
251270
090350
000320
006280
005250
004370
072710
064260
058730
068240
145210
019680
006370
008060
000490
008110
005750
006570
084690
128820
117580
042660
003090
069620
000430
006340
003220
002880
078600
012800
015230
006650
001440
084010
001790
001130
005880
006880
009270
002870
056700
004080
222800
003410
004770
004920
112610
096530
308170
025980
008700
090430
002790
092040
002030
183190
002310
267850
020560
122900
010780
003560
084850
067160
053800
001780
196170
018250
161000
056190
005850
041510
007820
012750
123700
025530
052020
237690
023960
078520
088800
007460
003060
230360
086520
036810
181710
085310
182400
004250
290650
066970
010120
097520
014440
111770
000670
006740
012160
015360
007310
002630
271560
001800
010470
039200
122870
011690
006980
105840
010400
049800
016880
095720
005820
240810
074600
104830
030530
010600
069080
112040
299900
008600
014830
018000
000910
047400
011330
077500
086390
000700
072130
000220
023410
000100
008730
008250
214320
272290
053350
139480
007660
005950
093230
102710
074610
102460
000760
014990
060150
006490
034590
216050
049070
129260
051370
023810
249420
000230
013360
003200
007570
008500
081000
020760
103590
015860
226320
033240
194370
025620
030000
001560
002620
082270
004910
000480
185750
063160
001630
044380
013890
144510
013870
071320
035000
088790
003780
010640
100250
011000
085660
009310
278280
033250
035720
078340
214370
001620
029460
009070
032500
053210
033780
007810
183300
041960
192820
071950
002020
003070
120110
138490
021240
033290
036420
200130
192400
284740
005740
110790
214150
020120
014580
015890
006890
011280
009410
007980
095610
055490
078000
214420
131290
019180
091810
004870
069260
104480
034230
214450
091700
036580
004720
028670
263750
001020
090080
010770
022100
058430
047050
003670
017810
103140
005810
009810
319660
137400
067310
039130
136480
003380
071090
000080
000140
036460
005430
025540
010100
004090
002200
006200
053300
000970
017960
161890
024720
161390
047810
123690
002390
053690
042700
008930
128940
009240
020000
003680
105630
069640
016450
009180
213500
014680
004710
004150
025750
004960
011700
018880
009420
002220
003300
051600
130660
002320
003480
005110
000880
009830
272210
012450
195870
101530
143210
084990
000720
064350
079430
012330
010620
048410
052260
069960
004560
041440
017800
307950
011210
090850
004020
005440
011760
227840
126560
093240
003010
111110
008770
241590
006060
013520
010690
016580
004800
094280
298040
298050
298020
298000
093370
081660
079980
005010
243070
145020
003280
